1 6864736584638476538 Cheng Zhang 15538192104 100 1 1
2 6378974274893742989 Li Xingang 15538196785 100 1 1
3 6784736347683568475 Ji Cunlin 15538196878 300 1 1
4 6896864786876767867 Bao Yvjia 15589748334 400 1 1
5 6578364783643764374 Li Weiwang 15536782332 5000 1 1
6 6453567832437463879 Li Hao 15538202687 9000 1 1
7 6788784367868686839 Wang Shengrong 15538219999 200 1 1
9 6786487657456847658 Wang Zhengwei 15538184567 300 1 1
10 6867486856746578469 Ren Zhonghua 15587878976 9999 1 1
11 6526753782676823672 Dai Huashuai 15538195678 8000 1 1
12 6789867767567798889 Wang Bo 15567890000 900 1 1
13 6878978798676878878 Li Wenming 15538201234 400 1 1
14 6887348378787686799 Chen Guodong 17735687643 300 1 1
15 6967576587676786788 Tian Boyuan 17887987672 700 1 1
16 6788678676878977676 Gao Kai 15567783456 900 1 1
17 6767864768347686567 Wang Longxiang 15776765555 200 1 1
18 6894798057489379584 Yang Jingren 15868772536 300 1 1
19 6789897877436478656 Fang Zihao 15678476768 400 1 1
20 6878687677575567656 Wang Renlong 16767875677 500 1 1
21 6978767675676767775 Wang Longxiang 15876545234 600 1 1
22 6012786376263253623 Yang Kaicao 15936783211 400 1 1
23 6786768876866767687 Zou Yan 15366788111 400 1 1
24 6989797868767453768 Fan Cenguang 16767878643 500 1 1
25 6576365487868775677 Lin Zengyao 15687878799 999 1 1
26 6645636473467386488 Wang Sijie 17789789765 888 1 1
27 6567777778768687689 Liu Yvmeng 16736843674 100 1 1
28 6899767768687689799 Zhang Shuang 15788798636 200 1 1
29 6878979789878989787 Lv Fei 16765766756 300 1 1
30 7867978979879579687 Yang Cuicui 15677864867 400 1 1
